                   MWt     Net_C     GRAVY     Cys-N    Instab       Sol  \
MWt           1.000000  0.471514 -0.144605 -0.009210 -0.021411 -0.081263   
Net_C         0.471514  1.000000 -0.241026 -0.001511 -0.014709 -0.021354   
GRAVY        -0.144605 -0.241026  1.000000 -0.023925 -0.004355  0.014421   
Cys-N        -0.009210 -0.001511 -0.023925  1.000000 -0.002790 -0.008485   
Instab       -0.021411 -0.014709 -0.004355 -0.002790  1.000000  0.017687   
Sol          -0.081263 -0.021354  0.014421 -0.008485  0.017687  1.000000   
Aliphat       0.008235  0.003199  0.016048  0.000244 -0.473152 -0.006763   
Tz_RNA       -0.024816 -0.009540  0.045148 -0.003907 -0.012824  0.003111   
Bz_RNA       -0.079881 -0.048533  0.030762 -0.002229  0.000931  0.006869   
Sp_RNA       -0.046343 -0.009765  0.003922 -0.002332 -0.007503 -0.003956   
RNA_Mean     -0.055062 -0.025145  0.039704 -0.003828 -0.009875  0.003326   
T-cell Score  0.837951  0.331224  0.077289 -0.010218 -0.009989 -0.046476   
Exposed       0.005583 -0.025647  0.404551 -0.006695  0.001432  0.004898   
Linear_B      0.099258  0.088192 -0.205393 -0.004362  0.006240  0.007361   
Conf_B       -0.152736 -0.043993 -0.090818 -0.012016  0.010278  0.107156   
UnderPS      -0.007185 -0.005589 -0.011957 -0.000763 -0.014431 -0.002341   

               Aliphat    Tz_RNA    Bz_RNA    Sp_RNA  RNA_Mean  T-cell Score  \
MWt           0.008235 -0.024816 -0.079881 -0.046343 -0.055062      0.837951   
Net_C         0.003199 -0.009540 -0.048533 -0.009765 -0.025145      0.331224   
GRAVY         0.016048  0.045148  0.030762  0.003922  0.039704      0.077289   
Cys-N         0.000244 -0.003907 -0.002229 -0.002332 -0.003828     -0.010218   
Instab       -0.473152 -0.012824  0.000931 -0.007503 -0.009875     -0.009989   
Sol          -0.006763  0.003111  0.006869 -0.003956  0.003326     -0.046476   
Aliphat       1.000000 -0.003237 -0.012375 -0.022543 -0.012565      0.008124   
Tz_RNA       -0.003237  1.000000  0.362484  0.688032  0.932614     -0.009787   
Bz_RNA       -0.012375  0.362484  1.000000  0.180398  0.618027     -0.059811   
Sp_RNA       -0.022543  0.688032  0.180398  1.000000  0.763361     -0.034573   
RNA_Mean     -0.012565  0.932614  0.618027  0.763361  1.000000     -0.035570   
T-cell Score  0.008124 -0.009787 -0.059811 -0.034573 -0.035570      1.000000   
Exposed       0.009080  0.057431  0.028832  0.042693  0.057131      0.097256   
Linear_B      0.006174 -0.018299 -0.028785 -0.014076 -0.025265      0.039500   
Conf_B       -0.018646 -0.014809 -0.003534 -0.004476 -0.011406     -0.112924   
UnderPS       0.015634  0.033154  0.041703  0.075255  0.055596     -0.008010   

               Exposed  Linear_B    Conf_B   UnderPS  
MWt           0.005583  0.099258 -0.152736 -0.007185  
Net_C        -0.025647  0.088192 -0.043993 -0.005589  
GRAVY         0.404551 -0.205393 -0.090818 -0.011957  
Cys-N        -0.006695 -0.004362 -0.012016 -0.000763  
Instab        0.001432  0.006240  0.010278 -0.014431  
Sol           0.004898  0.007361  0.107156 -0.002341  
Aliphat       0.009080  0.006174 -0.018646  0.015634  
Tz_RNA        0.057431 -0.018299 -0.014809  0.033154  
Bz_RNA        0.028832 -0.028785 -0.003534  0.041703  
Sp_RNA        0.042693 -0.014076 -0.004476  0.075255  
RNA_Mean      0.057131 -0.025265 -0.011406  0.055596  
T-cell Score  0.097256  0.039500 -0.112924 -0.008010  
Exposed       1.000000 -0.011444 -0.008036  0.069670  
Linear_B     -0.011444  1.000000  0.043692  0.031109  
Conf_B       -0.008036  0.043692  1.000000 -0.019388  
UnderPS       0.069670  0.031109 -0.019388  1.000000  